,Substance,A,B,C,D,E,T_min,T_max,T_verify,prop_verify
0,Water,6.853064,7.43794,-2.937398,-3.282184,8.396833,273,647.096,323.15,2380.25
1,Ammonia,5.74477,7.282878,-2.428749,-2.261923,2.909393,196,405.5,300.15,1157.7
2,Hydrogen chloride,5.385594,3.577607,1.70222,-4.769082,5.095527,134,324.55,203.15,423.41
3,Chlorine,5.11396,5.494794,-1.63973,-2.193617,4.356455,173,416.958,273.15,267.42
4,Nitrogen,5.063172,5.518154,-2.645913,-1.981109,5.333368,65,126.192,93.15,174.93
5,Oxygen,4.969617,5.305319,-2.42609,-2.151263,3.466285,58,154.599,123.15,167.73
6,Hydrogen,4.115256,2.511597,-1.539154,-2.578672,2.165454,15,33.19,20.05,461.39
7,Sulfur dioxide,6.43138,6.40586,-2.656015,-0.900937,6.502211,203,430.643,323.15,328.16
8,Carbon monoxide,5.36516,4.61563,-1.50262,-2.360346,7.214583,68,132.86,101.15,181.89
9,Carbon dioxide,6.285898,5.640077,-1.240625,-2.040365,26.542058,218,304.128,253.15,282.44
10,Methane,4.990555,5.035151,-2.283393,-2.460933,4.378278,93,190.564,183.15,214.96
11,Ethane,5.24057,7.195872,-4.63536,-0.641593,2.27141,93,305.322,243.15,388.62
12,Propane,5.532218,7.865983,-5.298339,0.075567,2.154822,90,369.825,280.15,364.59
13,n-Butane,5.89459,7.87769,-5.041876,-0.151283,3.790784,140,425.125,280.15,379.0
14,Isobutane,5.985358,6.87017,-3.95794,-0.356806,2.95743,120,407.81,280.15,347.69
15,n-Pentane,5.75259,9.973145,-6.8966,0.534831,4.463225,153,469.659,273.15,385.0
16,n-Hexane,5.823448,11.201235,-8.07144,1.34838,3.456936,183,507.795,343.15,333.92
17,Cyclohexane,3.43791,14.06151,-8.730995,0.67173,0.025579,283,553.6,294.15,394.34
18,n-Heptane,3.31664,21.99282,-18.80816,5.534334,2.93102,183,541.226,303.15,362.02
19,n-Octane,4.46423,19.78326,-16.8393,5.36049,3.9566,223,569.57,303.15,361.66
20,Ethylene,5.143747,6.934186,-4.268831,-0.58489,3.213931,110,282.35,250.15,303.81
21,Propylene,5.296574,8.539701,-6.058919,0.507597,2.793165,93,364.211,263.15,391.95
22,1-Butene,5.495498,9.245589,-6.920092,1.448008,2.307289,93,419.29,303.15,354.54
23,Methanol,5.465579,15.61685,-7.676416,-4.9266,6.334842,183,513.38,373.15,1020.27
24,Ethanol,14.687649,-15.271194,26.062303,-20.049661,15.816495,253,513.9,293.15,925.91
25,n-Propanol,5.890074,16.292544,-5.777913,-2.767181,-8.575518,293,536.75,343.65,740.74
26,n-Butanol,3.925226,18.801993,-5.348588,-2.937749,-0.181003,224,563.05,343.85,654.47
27,Ethylene glycol,7.079169,8.721527,1.013498,-5.214016,4.441808,333,719.15,333.15,1027.05
28,Isopropanol,13.846539,-16.693668,32.098404,-19.900215,-9.894509,253,508.25,304.25,757.07
29,Acetic acid,6.68664,15.014483,-22.086618,3.077698,17.354972,290,591.95,369.35,395.64
30,Methyl acetate,6.398833,13.125464,-12.779956,5.864096,-9.168706,227,506.55,297.25,439.04
31,Ethyl acetate,8.568302,3.691585,-0.614594,-0.635779,0.817636,190,523.2,330.15,381.82
32,Vinyl acetate,7.959075,5.923838,-2.473449,-1.445393,4.013308,273,519.15,336.35,377.62
33,Methyl-tert-butyl ether,7.677125,3.101996,0.388899,-1.67283,0.763138,217,497.15,339.55,311.02
34,Acetone,5.731751,9.17423,-4.934225,0.048998,3.735669,183,508.1,373.15,448.73
35,Benzene,5.00747,10.69081,-7.316719,1.140714,6.78671,283,562.014,333.15,408.31
36,Toluene,4.60779,13.96216,-10.579148,2.112462,4.28486,183,591.749,323.15,398.25
37,p-Xylene,8.707394,1.081836,2.571094,-3.435021,9.405508,287,616.25,373.15,361.13
38,R23,5.346016,10.06509,-6.445266,0.855815,0.100753,158,299.747,253.15,170.98
39,R32,6.30286,6.63483,-2.530184,-1.546727,4.892836,138,351.255,253.15,344.12
40,R12,5.672474,8.015016,-5.135777,-0.186518,4.616427,123,385.12,253.15,162.07
41,R22,5.941889,7.847445,-4.73681,0.118054,4.060834,123,369.28,253.15,220.0
42,R134a,7.25816,4.942105,-0.155284,-2.76178,12.45586,173,374.212,273.15,198.76
43,R125,5.54365,11.76144,-8.102561,0.93226,5.177319,173,340.229,273.15,133.16
